
0.000000
0.000000
0.000011
0.000038
0.000015
0.000069
0.000114
0.000301
0.000061
0.000061
0.000111
0.000076
0.000111
0.000198
0.000298
0.000168
0.000336
0.000626
0.000683
0.000301
0.000725
0.001064
0.000999
0.000256
0.000767
0.000839
0.000755
0.000343
0.000713
0.001110
0.000587
0.000797
0.001171
0.001308
0.000629
0.001129
0.001667
0.001938
0.000675
0.001732
0.002525
0.002602
0.001225
0.002777
0.003624
0.003212
0.001797
0.004246
0.005733
0.004601
0.002995
0.006561
0.008423
0.004532
0.006046
0.009174
0.010300
0.004444
0.008472
0.012047
0.010735
0.004951
0.010582
0.014027
0.010864
0.005653
0.012333
0.014748
0.008236
0.007557
0.013966
0.014420
0.006203
0.008743
0.013790
0.011814
0.005741
0.009754
0.012581
0.008202
0.006435
0.009018
0.010826
0.005833
0.005695
0.008781
0.009544
0.004478
0.005589
0.008152
0.008377
0.003033
0.005062
0.007538
0.005875
0.003075
0.005051
0.006012
0.004051
0.002861
0.004242
0.004795
0.002846
0.002644
0.004509
0.005459
0.002281
0.004128
0.006290
0.007298
0.003082
0.005486
0.008766
0.008266
0.004364
0.008862
0.012886
0.008945
0.008282
0.012909
0.015530
0.007454
0.008518
0.009060
0.009789
0.005074
0.005459
0.007904
0.008083
0.003162
0.005741
0.007381
0.006123
0.002689
0.006008
0.007442
0.004410
0.003639
0.006550
0.007149
0.003361
0.003963
0.006310
0.006821
0.002346
0.004841
0.006920
0.006832
0.001865
0.004562
0.005108
0.004059
0.001137
0.003101
0.003189
0.002098
0.001358
0.002384
0.002846
0.001476
0.001507
0.002235
0.002514
0.001251
0.001511
0.002216
0.002251
0.000965
0.001518
0.002258
0.001694
0.001175
0.001816
0.002487
0.001423
0.001453
0.002140
0.002468
0.001553
0.001369
0.002110
0.002438
0.001278
0.001686
0.002346
0.002499
0.000710
0.002285
0.002766
0.001781
0.001656
0.002682
0.003311
0.001423
0.001839
0.003304
0.003864
0.001564
0.002403
0.003784
0.004284
0.001652
0.003284
0.005173
0.005062
0.001190
0.004902
0.005981
0.003628
0.002277
0.005291
0.005104
0.002483
0.002895
0.004765
0.005020
0.001625
0.003166
0.004627
0.004551
0.001469
0.003063
0.004055
0.003479
0.000923
0.003036
0.003414
0.001949
0.001720
0.002865
0.002724
0.001644
0.001617
0.002136
0.001793
0.001667
0.001205
0.001247
0.000931
0.000843
0.000706
0.000477
0.000446
0.000301
0.000248
0.000160
0.000141
0.000103
0.000107
0.000210
0.000278
0.000134
0.000019
0.000000
0.000000
0.000008